9104878
3495871
2201936
2397654
9611000
7570037
8102265
1899265
4706966
2181288
8050367
3429658
7852449
3254792
1936537
3451226
7406822
2573505
8729767
8951996
1844798
3450891
2359012
9013084
3226188
9863776
1215591
9635578
76115
5384534
7042973
6392114
7285586
6880487
6018260
9379581
990236
6461204
8009368
2451896
3445521
967003
339661
8778418
222258
3376303
466023
906364
1271436
8805374
6469162
14085
6176585
5312096
1956233
4098771
613730
5101017
807600
4011488
2521202
58315
9918109
8807311
6454054
5915771
2531049
9399881
7209553
8676541
2515749
5070392
608412
2227263
1518687
1324832
8753754
9785840
9850948
7638613
4111354
6590091
852319
6740189
3720726
862916
3690112
4486306
7879976
8905741
6584376
5443540
9287515
1000581
7428480
3801689
4832383
9679870
6100217
8200434